player,NM1,NM2,NM3,NM4,NM5,NM6,HD1,HD2,HD3,HR1,HR2,HR3,DT1,DT2,DT3,FM1,FM2,FM3
GAO HAO,0,1,0,0,0,0,0,0,0,0,0,0,0,0,0,0,0,0
Moonlit111,0,0,0,0,1,0,0,0,0,0,0,0,0,0,0,0,0,0
Flyer,0,0,0,0,0,0,0,0,0,0,0,0,0,0,0,0,0,0
Tokirii,0,0,0,0,0,0,0,0,0,0,0,0,0,0,0,0,0,0
Ruyaya,0,0,0,0,0,0,0,0,0,0,0,0,0,0,0,0,0,0
Qualifiers,0,0,0,0,0,0,0,0,0,0,0,0,0,0,0,0,0,0
Diaostrophism,0,0,0,0,0,0,0,0,0,0,0,0,0,0,0,0,0,0
DAQAO,0,0,0,0,0,0,0,0,0,0,0,0,0,0,0,0,0,0
aaront,0,0,0,0,0,0,0,0,0,0,0,0,0,0,0,0,0,0
SBHO,0,0,0,0,0,0,0,0,0,0,0,0,0,0,0,0,0,0
Zkyler,0,0,0,0,0,0,0,0,0,0,0,0,0,0,0,0,0,0
13roil,0,0,0,0,0,0,0,0,0,0,0,0,0,0,0,0,0,0
AbbeyChan6203,0,0,0,0,0,0,0,0,0,0,0,0,0,0,0,0,0,0
-Whitedog-,0,0,0,0,0,0,0,0,0,0,0,0,0,0,0,0,0,0
Silent Rock,0,0,0,0,0,0,0,0,0,0,0,0,0,0,0,0,0,0
7ony,0,0,0,0,0,0,0,0,0,0,0,0,0,0,0,0,0,0
lelxdme,0,0,0,0,0,0,0,0,0,0,0,0,0,0,0,0,0,0
My Angel Bronya,0,0,0,0,0,0,0,0,0,0,0,0,0,0,0,0,0,0
[ RoneKu ],0,0,0,0,0,0,0,0,0,0,0,0,0,0,0,0,0,0
-Mqre-,0,0,0,0,0,0,0,0,0,0,0,0,0,0,0,0,0,0
-Inui Sana-,0,0,0,0,0,0,0,0,0,0,0,0,0,0,0,0,0,0
Chloe Wing Kiu,0,0,0,0,0,0,0,0,0,0,0,0,0,0,0,0,0,0
Bochi the osu,0,0,0,0,0,0,0,0,0,0,0,0,0,0,0,0,0,0
MeowHou,0,0,0,0,0,0,0,0,0,0,0,0,0,0,0,0,0,0
Summer_Ouo,0,0,0,0,0,0,0,0,0,0,0,0,0,0,0,0,0,0
koutya_,0,0,0,0,0,0,0,0,0,0,0,0,0,0,0,0,0,0
oliwakami,0,0,0,0,0,0,0,0,0,0,0,0,0,0,0,0,0,0
RevengeWolf,0,0,0,0,0,0,0,0,0,0,0,0,0,0,0,0,0,0
gxytcgxytc,0,0,0,0,0,0,0,0,0,0,0,0,0,0,0,0,0,0
- kouyuu -,0,0,0,0,0,0,0,0,0,0,0,0,0,0,0,0,0,0
Fallen_HK,0,0,0,0,0,0,0,0,0,0,0,0,0,0,0,0,0,0

BurgerKing,0,0,0,0,0,0,0,0,0,0,0,0,0,0,0,0,0,0

